mkdir -p build/
mpic++ -Wall -fPIC -fopenmp -m64 -O3 -std=c++14 -c src/main.cpp -o build/main.o
mkdir -p build/matrix/
mpic++ -Wall -fPIC -fopenmp -m64 -O3 -std=c++14 -c src/matrix/matrix.cpp -o build/matrix/matrix.o
mkdir -p build/output/
mpic++ -Wall -fPIC -fopenmp -m64 -O3 -std=c++14 -c src/output/output.cpp -o build/output/output.o
mkdir -p build/solver/
mpic++ -Wall -fPIC -fopenmp -m64 -O3 -std=c++14 -c src/solver/solver.cpp -o build/solver/solver.o
mpic++ -Wall -fPIC -fopenmp -m64 -o lab3 build/main.o build/matrix/matrix.o build/output/output.o build/solver/solver.o

<<<
Command: ./lab3 1 9 9 3 0.00025 0.1
-----  INITIAL   -----
        0.00        0.00        0.00        0.00        0.00        0.00        0.00        0.00        0.00
        0.00       49.00       84.00      105.00      112.00      105.00       84.00       49.00        0.00
        0.00       84.00      144.00      180.00      192.00      180.00      144.00       84.00        0.00
        0.00      105.00      180.00      225.00      240.00      225.00      180.00      105.00        0.00
        0.00      112.00      192.00      240.00      256.00      240.00      192.00      112.00        0.00
        0.00      105.00      180.00      225.00      240.00      225.00      180.00      105.00        0.00
        0.00       84.00      144.00      180.00      192.00      180.00      144.00       84.00        0.00
        0.00       49.00       84.00      105.00      112.00      105.00       84.00       49.00        0.00
        0.00        0.00        0.00        0.00        0.00        0.00        0.00        0.00        0.00

----- SEQUENTIAL -----
        0.00        0.00        0.00        0.00        0.00        0.00        0.00        0.00        0.00
        0.00       46.97       81.21      101.77      108.62      101.77       81.21       46.97        0.00
        0.00       81.21      140.42      175.97      187.82      175.97      140.42       81.21        0.00
        0.00      101.77      175.97      220.51      235.36      220.51      175.97      101.77        0.00
        0.00      108.62      187.82      235.36      251.22      235.36      187.82      108.62        0.00
        0.00      101.77      175.97      220.51      235.36      220.51      175.97      101.77        0.00
        0.00       81.21      140.42      175.97      187.82      175.97      140.42       81.21        0.00
        0.00       46.97       81.21      101.77      108.62      101.77       81.21       46.97        0.00
        0.00        0.00        0.00        0.00        0.00        0.00        0.00        0.00        0.00
>>>

<<<
Command: ./lab3 1 15 9 10 0.00025 1
-----  INITIAL   -----
        0.00        0.00        0.00        0.00        0.00        0.00        0.00        0.00        0.00
        0.00       91.00      156.00      195.00      208.00      195.00      156.00       91.00        0.00
        0.00      168.00      288.00      360.00      384.00      360.00      288.00      168.00        0.00
        0.00      231.00      396.00      495.00      528.00      495.00      396.00      231.00        0.00
        0.00      280.00      480.00      600.00      640.00      600.00      480.00      280.00        0.00
        0.00      315.00      540.00      675.00      720.00      675.00      540.00      315.00        0.00
        0.00      336.00      576.00      720.00      768.00      720.00      576.00      336.00        0.00
        0.00      343.00      588.00      735.00      784.00      735.00      588.00      343.00        0.00
        0.00      336.00      576.00      720.00      768.00      720.00      576.00      336.00        0.00
        0.00      315.00      540.00      675.00      720.00      675.00      540.00      315.00        0.00
        0.00      280.00      480.00      600.00      640.00      600.00      480.00      280.00        0.00
        0.00      231.00      396.00      495.00      528.00      495.00      396.00      231.00        0.00
        0.00      168.00      288.00      360.00      384.00      360.00      288.00      168.00        0.00
        0.00       91.00      156.00      195.00      208.00      195.00      156.00       91.00        0.00
        0.00        0.00        0.00        0.00        0.00        0.00        0.00        0.00        0.00

----- SEQUENTIAL -----
        0.00        0.00        0.00        0.00        0.00        0.00        0.00        0.00        0.00
        0.00       90.90      155.88      194.86      207.86      194.86      155.88       90.90        0.00
        0.00      167.85      287.82      359.81      383.80      359.81      287.82      167.85        0.00
        0.00      230.80      395.78      494.76      527.76      494.76      395.78      230.80        0.00
        0.00      279.77      479.74      599.73      639.72      599.73      479.74      279.77        0.00
        0.00      314.74      539.72      674.70      719.70      674.70      539.72      314.74        0.00
        0.00      335.73      575.70      719.69      767.68      719.69      575.70      335.73        0.00
        0.00      342.72      587.70      734.68      783.68      734.68      587.70      342.72        0.00
        0.00      335.73      575.70      719.69      767.68      719.69      575.70      335.73        0.00
        0.00      314.74      539.72      674.70      719.70      674.70      539.72      314.74        0.00
        0.00      279.77      479.74      599.73      639.72      599.73      479.74      279.77        0.00
        0.00      230.80      395.78      494.76      527.76      494.76      395.78      230.80        0.00
        0.00      167.85      287.82      359.81      383.80      359.81      287.82      167.85        0.00
        0.00       90.90      155.88      194.86      207.86      194.86      155.88       90.90        0.00
        0.00        0.00        0.00        0.00        0.00        0.00        0.00        0.00        0.00
>>>

<<<
Command: ./lab3 1 5 3 100 0.00025 1
-----  INITIAL   -----
        0.00        0.00        0.00
        0.00        3.00        0.00
        0.00        4.00        0.00
        0.00        3.00        0.00
        0.00        0.00        0.00

----- SEQUENTIAL -----
        0.00        0.00        0.00
        0.00        2.81        0.00
        0.00        3.76        0.00
        0.00        2.81        0.00
        0.00        0.00        0.00
>>>

rm -r build lab3
